0.735028
0.681550
0.708089
0.725079
0.766860
0.720253
0.721424
0.697155
0.697397
0.682088
0.728528
0.742833
0.719103
0.710580
0.690770
0.733351
0.718019
0.715875
0.748099
0.720015
0.743515
0.718330
0.736488
0.726619
0.701739
0.720363
0.739102
0.703500
0.727027
0.727390
0.761865
0.718629
0.741645
0.706954
0.736050
0.714631
0.734655
0.727191
0.738713
0.675765
0.735721
0.735739
0.700168
0.682532
0.723512
0.720188
0.720759
0.778877
0.723127
0.726052
0.758798
0.757697
0.727329
0.718172
0.747726
0.738965
0.703630
0.723650
0.693002
0.729312
0.741573
0.726652
0.712825
0.731803
0.749488
0.717667
0.709795
0.687290
0.717487
0.655445
0.725915
0.770656
0.741955
0.753355
0.722581
0.705420
0.739301
0.742044
0.705093
0.724395
0.712572
0.680048
0.701567
0.723486
0.697711
0.699506
0.705152
0.717630
0.739267
0.717090
0.720180
0.721208
0.734355
0.742243
0.723916
0.708927
0.718582
0.734538
0.713310
0.743585
0.760622
0.708389
0.711050
0.732223
0.714685
0.727780
0.713524
0.730951
0.750689
0.707260
0.708587
0.793373
0.709731
0.717611
0.745116
0.738475
0.713639
0.683615
0.699954
0.691697
0.689435
0.712117
0.684356
0.723710
0.712245
0.694333
0.733522
0.741361
0.723508
0.729902
0.698606
0.685089
0.746686
0.743592
0.746355
0.734643
0.732172
0.744091
0.715028
0.705081
0.745879
0.706523
0.732180
0.691279
0.740432
0.743374
0.748653
0.701468
0.743786
0.739641
0.739740
0.741861
0.747682
0.738868
0.744701
0.746989
0.717739
0.702019
0.718323
0.698873
0.702853
0.729635
0.746282
0.737530
0.724512
0.743252
0.689684
0.718519
0.737738
0.752994
0.738166
0.699912
0.724426
0.722986
0.720519
0.739334
0.743799
0.748325
0.744787
0.708668
0.739912
0.736748
0.707128
0.705597
0.688100
0.718900
0.735833
0.718638
0.726589
0.707043
0.758843
0.705937
0.724605
0.723750
0.680917
0.744521
0.722225
0.688329
0.779050
0.714048
0.740831
0.739802
0.695611
0.705779
0.711975
0.736500
0.709055
0.706064
0.713762
0.722894
0.728699
0.679151
0.692745
0.707982
0.695245
0.714335
0.751364
0.733262
0.746988
0.733405
0.702824
0.762157
0.689951
0.743451
0.697036
0.727297
0.710121
0.716889
0.719553
0.720800
0.719268
0.755897
0.719566
0.688809
0.708557
0.719237
0.713462
0.738245
0.724470
0.696922
0.724328
0.728483
0.739961
0.698850
0.693317
0.728436
0.733363
0.755317
0.722937
0.694049
0.736204
0.690184
0.684800
0.718100
0.731671
0.759743
0.722804
0.702113
0.735789
0.717567
0.705518
0.719717
0.731285
0.759076
0.725840
0.742108
0.709956
0.717879
0.712929
0.728966
0.734706
0.715226
0.712745
0.699601
0.726387
0.744566
0.697973
0.719842
0.704965
0.721408
0.750442
0.730140
0.734858
0.715563
0.706475
0.757787
0.735255
0.755647
0.730099
0.746622
0.740818
0.723751
0.713186
0.743711
0.721026
0.725346
0.716270
0.713732
0.753762
0.730766
0.691451
0.730047
0.712248
0.701607
0.727155
0.743977
0.709452
0.704563
0.731041
0.716765
0.728563
0.732463
0.748213
0.735171
0.729066
0.701100
0.738134
0.760269
0.721788
0.691507
0.749885
0.735372
0.744233
0.735870
0.742865
0.736826
0.697299
0.727007
0.721016
0.728014
0.701708
0.735763
0.726715
0.758630
0.722301
0.717604
0.703348
0.748039
0.713110
0.713037
0.733851
0.707148
0.726708
0.713928
0.730085
0.739084
0.723179
0.684491
0.687429
0.719392
0.741962
0.699111
0.701342
0.710904
0.730338
0.721516
0.724399
0.723451
0.741815
0.749075
0.713619
0.710015
0.732168
0.747903
0.740347
0.760495
0.709498
0.745772
0.709771
0.706970
0.759907
0.715870
0.728940
0.729625
0.684433
0.747596
0.729867
0.728511
0.708860
0.744764
0.724152
0.697080
0.747973
0.727973
0.726390
0.714717
0.682888
0.723068
0.698907
0.722527
0.751124
0.749974
0.742661
0.719808
0.746947
0.737994
0.727545
0.728362
0.698777
0.708631
0.708808
0.735433
0.689756
0.697621
0.722138
0.670362
0.765102
0.702692
0.713359
0.699490
0.726430
0.748960
0.727015
0.700954
0.744959
0.728875
0.745631
0.757098
0.700871
0.713801
0.676392
0.744881
0.691588
0.745585
0.732212
0.715024
0.681030
0.720223
0.722323
0.710210
0.730394
0.712077
0.715199
0.751917
0.737072
0.710436
0.708071
0.710233
0.712293
0.712014
0.724521
0.732440
0.693238
0.760164
0.739362
0.709686
0.724130
0.717082
0.703970
0.704014
0.719267
0.706771
0.737462
0.706300
0.715665
0.711630
0.724211
0.723615
0.708321
0.713654
0.718187
0.705433
0.747871
0.708388
0.708742
0.750961
0.710361
0.668450
0.711312
0.714097
0.717767
0.713009
0.704877
0.698666
0.742600
0.715033
0.732126
0.739621
0.721023
0.720536
0.730794
0.735710
0.666607
0.748658
0.738037
0.715330
0.723322
0.754865
0.710661
0.751069
0.742762
0.719706
0.693577
0.725556
0.697340
0.724397
0.727659
0.715569
0.745078
0.726462
0.715689
0.709859
0.717322
0.724932
0.736611
0.719103
0.724958
0.723153
0.706745
0.738560
0.751966
0.743593
0.702926
0.712629
0.710349
0.744472
0.722056
0.720356
0.724677
0.703759
0.722308
0.720805
0.736884
0.726232
0.713113
0.693938
0.715315
0.699121
0.745699
0.767430
0.732246
0.746404
0.731171
0.700901
0.728307
0.730086
0.706403
0.711640
0.709151
0.703908
0.733677
0.738007
0.724821
0.727048
0.719320
0.713885
0.749561
0.707547
0.743478
0.688516
0.717616
0.743822
0.720014
0.702660
0.760139
0.701022
0.713439
0.694249
0.708534
0.716350
0.709737
0.708660
0.720718
0.732229
0.733006
0.709519
0.709037
0.724210
0.722279
0.725385
0.724715
0.713434
0.678419
0.715959
0.717181
0.736685
0.712955
0.698549
0.734998
0.722844
0.737470
0.720834
0.728119
0.700406
0.701600
0.736942
0.719191
0.718889
0.734572
0.693019
0.706008
0.713673
0.706649
0.679373
0.738326
0.721778
0.717788
0.734975
0.731235
0.746170
0.725103
0.728032
0.729182
0.751040
0.737609
0.745350
0.731636
0.727250
0.730287
0.728348
0.764276
0.732705
0.730556
0.720620
0.699447
0.727147
0.713911
0.705706
0.736013
0.748377
0.728838
0.737755
0.682051
0.719162
0.740256
0.707506
0.722190
0.718046
0.748132
0.709988
0.733601
0.729718
0.736561
0.715206
0.701330
0.741821
0.754474
0.686570
0.702390
0.690201
0.723646
0.755369
0.752042
0.742021
0.701121
0.735367
0.724940
0.688714
0.727029
0.715249
0.730316
0.721438
0.744738
0.720623
0.728527
0.739863
0.717739
0.733485
0.737171
0.699029
0.731797
0.703900
0.713411
0.711524
0.721378
0.715611
0.714207
0.715298
0.719199
0.709307
0.710883
0.719468
0.751235
0.742851
0.709938
0.732871
0.711979
0.706999
0.716590
0.705354
0.698923
0.715135
0.698005
0.711591
0.728826
0.732173
0.705723
0.734874
0.713217
0.739410
0.708212
0.715247
0.713271
0.713624
0.747616
0.674490
0.683148
0.768781
0.707397
0.703412
0.715610
0.709692
0.749437
0.733663
0.739104
0.712330
0.742144
0.722915
0.751668
0.737550
0.740042
0.733276
0.709955
0.694891
0.727965
0.751803
0.733847
0.717607
0.771460
0.744773
0.726558
0.695617
0.723752
0.714278
0.737582
0.757740
0.717180
0.759851
0.745264
0.707321
0.734125
0.711536
0.699226
0.728364
0.726051
0.738993
0.728578
0.720679
0.714978
0.708906
0.753583
0.729320
0.711089
0.762121
0.744735
0.733449
0.692476
0.717806
0.731374
0.725475
0.729260
0.739914
0.725395
0.692716
0.736168
0.696246
0.714430
0.688249
0.704730
0.739894
0.735126
0.704542
0.720472
0.707071
0.721592
0.746059
0.686301
0.742749
0.714656
0.734802
0.735716
0.714859
0.736016
0.728575
0.697353
0.725430
0.721410
0.720786
0.716097
0.742802
0.734415
0.670265
0.729516
0.741700
0.730708
0.703548
0.704367
0.736526
0.697802
0.696114
0.719577
0.732192
0.717005
0.697039
0.735379
0.710690
0.699950
0.701397
0.751789
0.709433
0.787236
0.714988
0.712493
0.747462
0.737092
0.768279
0.735999
0.710237
0.744991
0.727453
0.735019
0.701727
0.717025
0.694168
0.718227
0.731531
0.708718
0.716577
0.713275
0.709817
0.691908
0.728865
0.719464
0.721946
0.713988
0.706863
0.701003
0.720949
0.734284
0.724747
0.667137
0.734746
0.701069
0.690772
0.698405
0.729948
0.731403
0.720462
0.723686
0.745780
0.750032
0.717014
0.738199
0.722883
0.674935
0.726683
0.723100
0.731664
0.700246
0.730809
0.729642
0.721911
0.740136
0.709309
0.704847
0.741989
0.691875
0.738243
0.701423
0.720052
0.704774
0.716640
0.730289
0.755442
0.719884
0.736007
0.733238
0.713534
0.677551
0.726466
0.727528
0.697860
0.683675
0.768227
0.758375
0.730135
0.721520
0.718107
0.719087
0.711724
0.701704
0.730375
0.693723
0.763615
0.701652
0.708957
0.746019
0.722314
0.717110
0.729857
0.743980
0.732500
0.710410
0.694128
0.718113
0.759391
0.730777
0.732161
0.724213
0.745282
0.680860
0.730143
0.719762
0.730527
0.719809
0.697208
0.726172
0.714822
0.707157
0.742758
0.729958
0.717750
0.710393
0.723576
0.749992
0.727097
0.718072
0.733950
0.721193
0.709789
0.746448
0.716815
0.725482
0.690014
0.678837
0.744271
0.735015
0.726173
0.706921
0.702742
0.741643
0.722176
0.725331
0.759571
0.723801
0.701874
0.718428
0.688450
0.704189
0.712941
0.734123
0.717495
0.726287
0.687408
0.687657
0.721271
0.781740
0.712082
0.728500
0.711522
0.730233
0.716843
0.742699
0.729853
0.734734
0.750786
0.700185
0.739892
0.703085
0.740640
0.742157
0.750428
0.737698
0.714143
0.715006
0.745992
0.715814
0.723556
0.726621
0.753421
0.733951
0.740490
0.761263
0.738671
0.713758
0.726891
0.718141
0.715137
0.742010
0.730806
0.699990
0.746474
0.739441
0.752711
0.696264
0.741159
0.750546
0.696277
0.724809
0.671990
0.704085
0.708388
0.704950
0.704341
0.696649
0.744255
0.724778
0.744711
0.729984
0.739182
